sample_id	total_num_of_PE_reads	num_qualtrim_kept_PE_reads	prop_qualtrim_kept_PE_reads	flag_poor_seq_depth	flag_poor_read_qual
F1111	21722276	21606758	0.994682048971296	0	0
F1112	14373040	14246366	0.991186693977057	0	0
F1113	18186220	18098034	0.995150943956468	0	0
F1114	24485206	24343352	0.994206542513876	0	0
F1115	17393166	17305090	0.994936172057462	0	0
F1116	15568158	15483022	0.994531401852422	0	0
F1118	9816796	9725192	0.990668645859606	0	0
F1119	26085550	25874528	0.991910387168375	0	0
F1121	16550150	16470790	0.995204877297185	0	0
F1124	12095070	12021780	0.993940506338533	0	0
F1010	9310330	9240394	0.992488343592547	0	0
F1125	16605496	16497486	0.993495527023101	0	0
F1126	17548902	17467986	0.995389113233409	0	0
F1132	15679112	15597288	0.994781337106336	0	0
F1134	11955074	11895302	0.995000281888678	0	0
F1139	16058124	15963834	0.994128205760523	0	0
F1140	11092274	11016544	0.993172725448362	0	0
F1141	6966772	6864150	0.985269792093096	0	0
F1142	11261152	11116728	0.987175024366956	0	0
F1144	14492122	14417590	0.994857067860731	0	0
F1146	12242512	12157096	0.993023000508392	0	0
F1011	7825526	7776616	0.993749940898542	0	0
F1147	10385160	10260548	0.988000955209164	0	0
F1148	6890818	6845312	0.993396139616516	0	0
F1149	28783584	28481422	0.989502280188596	0	0
F1150	15334962	15247174	0.994275303714479	0	0
F1151	16941546	16798814	0.991575030991859	0	0
F1157	15090546	14970258	0.992028916647549	0	0
F1158	19420584	19273744	0.992438950342585	0	0
F1159	16197006	16056796	0.991343461871904	0	0
F1160	14182966	14089948	0.993441569274015	0	0
F1161	11599294	11478364	0.989574365474312	0	0
F1012	12047636	11964064	0.993063203436757	0	0
F1162	15431090	15312052	0.992285833340354	0	0
F1163	14049462	13920024	0.990786978177527	0	0
F1164	14477698	14379948	0.993248236011001	0	0
F1165	9760248	9654426	0.989157857464278	0	0
F1167	12787302	12688622	0.992282969464552	0	0
F1168	10275880	10210344	0.993622346699261	0	0
F1171	13523748	13368048	0.988486919454577	0	0
F1178	12388044	12319854	0.994495499047307	0	0
F1182	20438758	20343266	0.995327896147114	0	0
F1184	18764050	18667904	0.99487605287771	0	0
F1013	9835052	9724094	0.988718107438578	0	0
F1190	5781414	5749368	0.994457065347681	0	0
F1192	15314632	15127762	0.987797943822614	0	0
F1193	26322356	26195512	0.995181130442883	0	0
F1195	20166302	19877440	0.985676005447107	0	0
F1198	17542726	17446688	0.994525480247483	0	0
F1202	29006870	28778888	0.992140413633046	0	0
F1203	20326568	20141468	0.990893691448551	0	0
F1204	16778066	16708036	0.995826098192724	0	0
F1206	14665274	14593022	0.995073259456318	0	0
F1209	18724408	18587138	0.992668927103063	0	0
F1014	8938674	8846766	0.989717938029735	0	0
F1210	10869066	10775724	0.991412141576838	0	0
F1211	15097258	15002230	0.993705611972717	0	0
F1212	6369006	6263080	0.983368519357652	0	0
F1213	18518486	18415888	0.99445969827123	0	0
F1215	24380074	24245762	0.994490910897153	0	0
F1216	16342976	4662802	0.285309236212548	0	1
F1217	8975752	8890776	0.990532715253273	0	0
F1219	10640004	10462102	0.983279893503799	0	0
F1220	24201630	24051322	0.993789343940883	0	0
F1221	9380762	9320490	0.993574935596916	0	0
F1015	12701706	12581618	0.990545521995234	0	0
F1222	9882538	9828582	0.994540268906631	0	0
F1224	15105674	15018230	0.99421118183803	0	0
F1225	8719670	8586448	0.984721669512722	0	0
F1226	9859916	9774272	0.991313921944163	0	0
F1227	7556212	7508882	0.993736279500893	0	0
F1228	9436196	9376036	0.993624549553655	0	0
F1229	10693794	10605798	0.991771302121586	0	0
F1230	11149898	11050854	0.991117048783765	0	0
F1231	8654660	8587002	0.99218247741679	0	0
F1232	9476688	9416514	0.993650313274005	0	0
F1016	8037050	7917742	0.985155249749597	0	0
F1234	11339620	3174148	0.279916610962272	0	1
F1235	10933996	3072060	0.280964068397318	0	1
F1236	9473388	9427690	0.995176171397181	0	0
F1237	10409680	10330848	0.992427048670084	0	0
F1238	11681640	11581584	0.991434764296794	0	0
F1239	10449462	2968316	0.284064002529508	0	1
F1240	8488330	8426734	0.992743448946966	0	0
F1241	3982716	1156816	0.290459073657273	0	1
F1242	5701764	5664334	0.993435364915139	0	0
F1243	5503116	5468188	0.993653050380911	0	0
F1017	9410594	8961060	0.9522310706423	0	0
F1244	8306920	8267042	0.99519942409461	0	0
F1245	8532544	8472960	0.993016854059	0	0
F1246	17998512	17876280	0.993208771925146	0	0
F1247	20845078	20666438	0.991430111223379	0	0
F1249	17113338	17021620	0.994640554636389	0	0
F1250	20814910	20653308	0.992236238350298	0	0
F1253	16730996	16650256	0.995174226328188	0	0
F1258	12598240	3547578	0.281593143169205	0	1
F1259	7157528	7062992	0.986792087994626	0	0
F1260	7355592	7281178	0.989883343176185	0	0
F1019	16739286	16577600	0.990340926130302	0	0
F1261	9584626	2717664	0.283544084036247	0	1
F1262	15991822	15856498	0.991537924821825	0	0
F1263	9275132	9147272	0.986214751445047	0	0
F1264	9878180	9775926	0.989648498002669	0	0
F1265	10030244	9975500	0.994542106852037	0	0
F1266	12472412	3515846	0.281889822112996	0	1
F1267	17331730	4732922	0.273078452064508	0	1
F1268	14719560	4246766	0.288511748992497	0	1
F1269	11376682	11279338	0.991443550940424	0	0
F1270	11860902	11775048	0.992761596040504	0	0
F1020	18003748	17861162	0.992080204632946	0	0
F1001	13638954	13500456	0.989845408966113	0	0
F1271	13799176	13660442	0.989946211281021	0	0
F1272	15720764	15575926	0.990786834532978	0	0
F1275	18286718	18178426	0.994078106306446	0	0
F1280	15848454	15756716	0.994211548962441	0	0
F1284	18620762	18496488	0.99332605185545	0	0
F1285	15575992	15512664	0.995934255744353	0	0
F1287	3916712	3896182	0.994758358541552	0	0
F1288	8660734	8577334	0.990370331198256	0	0
F1290	22100610	21880958	0.990061269802055	0	0
F1294	23926794	23781148	0.993912849335352	0	0
F1021	23703352	22803210	0.962024695916426	0	0
F1304	8312132	8225044	0.989522784286871	0	0
F1305	8771974	8703582	0.992203351263923	0	0
F1306	9431524	9345720	0.990902424677072	0	0
F1307	8031626	2315610	0.288311482631288	0	1
F1308	7685494	7619436	0.991404846585008	0	0
F1309	10855616	10762632	0.991434479627872	0	0
F1310	10059690	2857296	0.28403419986103	0	1
F1311	5578790	5527952	0.990887271254161	0	0
F1312	5992620	1683042	0.280852448511669	0	1
F1313	12259754	12193158	0.994567917105025	0	0
F1022	13476136	13319826	0.988400977847062	0	0
F1315	8213144	8142054	0.991344362158998	0	0
F1316	4818178	4777614	0.991581049932153	0	0
F1317	4704502	4665706	0.99175343107517	0	0
F1318	8015212	2344942	0.292561444413448	0	1
F1319	6564534	1838136	0.280010127146877	0	1
F1320	5651790	5608412	0.992324909453465	0	0
F1322	11300704	11225756	0.993367846817331	0	0
F1323	9158196	9067804	0.990129933886543	0	0
F1324	7193578	7153536	0.994433646232793	0	0
F1325	10599246	10529518	0.993421418844322	0	0
F1023	8929752	8834538	0.989337441846089	0	0
F1326	5910720	5855160	0.990600129933409	0	0
F1327	6666430	6598606	0.989826038824378	0	0
F1330	14396068	14327652	0.995247591217268	0	0
F1331	15507528	15356768	0.990278270011829	0	0
F1332	9514162	9433992	0.991573614155403	0	0
F1333	12142062	3432306	0.282679004603996	0	1
F1334	21170252	20988640	0.991421358612075	0	0
F1335	12257694	12184458	0.994025303617467	0	0
F1336	8908222	8853646	0.993873524930115	0	0
F1337	7817410	7779606	0.995164127249306	0	0
F1024	6633576	6548270	0.987140269441399	0	0
F1339	14414392	14315226	0.993120348052141	0	0
F1340	5022412	4992014	0.993947529593351	0	0
F1341	13908124	13828390	0.994267091665274	0	0
F1342	14670384	14561332	0.992566520412826	0	0
F1343	9582174	9529354	0.994487680979285	0	0
F1344	10478900	10417470	0.99413774346544	0	0
F1345	10589138	10437050	0.985637357828371	0	0
F1346	8983822	8882180	0.988686107093395	0	0
F1347	11533504	11477556	0.995149089123305	0	0
F1348	12445538	12380086	0.994740926426805	0	0
F1025	9346752	9254760	0.990157864464576	0	0
F1349	10399070	10342374	0.994547974001521	0	0
F1350	10721688	10664650	0.994680128725999	0	0
F1351	15806266	15713574	0.99413574338177	0	0
F1352	10308892	10229036	0.992253677698825	0	0
F1353	8318766	8274542	0.994683826904135	0	0
F1371	12983324	12918028	0.994970779439841	0	0
F1372	11928988	11871780	0.995204287237107	0	0
F1373	9563130	9509712	0.994414171929065	0	0
F1374	10686250	10642306	0.99588779974266	0	0
F1375	11409798	11353658	0.995079667492799	0	0
F1026	7935022	7851220	0.989438970679602	0	0
F1377	8448392	8397974	0.994032237140511	0	0
F1378	12639198	12582270	0.995495916750414	0	0
F1379	14651952	14532982	0.991880262780004	0	0
F1380	12103692	12032068	0.994082466738248	0	0
F1381	13506220	13435604	0.994771594124781	0	0
F1382	10715778	10667544	0.995498786928957	0	0
F1383	13193946	13100782	0.992938882726972	0	0
F1384	12251846	12183386	0.994412270608037	0	0
F1385	11385286	11281984	0.990926710141493	0	0
F1386	12941480	12869722	0.994455193687275	0	0
F1027	8035504	7908380	0.984179710445045	0	0
F1387	10879200	10823564	0.994886021030958	0	0
F1388	10215440	10165114	0.995073535745891	0	0
F1389	12446096	12369084	0.99381235690292	0	0
F1390	14145110	14062960	0.994192339260706	0	0
F1392	8241988	8191356	0.99385682192209	0	0
F1393	12806258	12724412	0.993608905895852	0	0
F1395	11188372	11043468	0.987048696628964	0	0
F1396	11774708	11714584	0.994893801188106	0	0
F1398	12355904	12195176	0.986991805698717	0	0
F1399	11407402	11330290	0.993240178613851	0	0
F1028	8080816	8003506	0.990432896875761	0	0
F1400	9323492	9265756	0.993807470419881	0	0
F1401	12915516	12818782	0.992510248913013	0	0
F1402	13640448	13570252	0.99485383471276	0	0
F1403	11552144	11483484	0.994056514530982	0	0
F1404	6886564	6784602	0.985194067752801	0	0
F1405	8723438	8682060	0.995256686641207	0	0
F1406	12941510	12827580	0.991196545070861	0	0
F1407	10355626	10273520	0.992071362948025	0	0
F1408	25216670	25048960	0.993349240799836	0	0
F1409	8074666	7997208	0.990407281242345	0	0
F1029	9982310	9771482	0.97887983843419	0	0
F1410	15583590	15498002	0.994507812384694	0	0
F1412	10077726	10010008	0.993280428541121	0	0
F1413	10912352	10826086	0.992094646507004	0	0
F1414	13297278	13214470	0.993772560068309	0	0
F1415	10347956	10269552	0.992423237980525	0	0
F1416	16984246	16896274	0.994820376483007	0	0
F1418	10461096	10389810	0.993185608850162	0	0
F1419	10549164	10467082	0.992219099067945	0	0
F1420	7777344	7735716	0.994647530056533	0	0
F1422	10457850	10380018	0.992557552460592	0	0
F1030	7699078	7616878	0.989323396905448	0	0
F1002	7671966	7595396	0.990019507385721	0	0
F1423	10994418	10877274	0.989345138596695	0	0
F1424	9136034	9049102	0.990484711418543	0	0
F1425	7473386	7369288	0.986070838573038	0	0
F1426	10811406	10742078	0.99358751303947	0	0
F1427	7344226	7123788	0.969984856130517	0	0
F1428	9878802	9819224	0.993969106780357	0	0
F1429	18617072	18494922	0.993438817876409	0	0
F1430	15095722	14943292	0.98990243726004	0	0
F1431	13811486	13730062	0.994104616983285	0	0
F1432	14041996	13950214	0.993463749740422	0	0
F1031	7953738	7776144	0.977671630621979	0	0
F1433	10313472	10259524	0.994769171817211	0	0
F1434	13971884	4805400	0.343933574026237	0	1
F1435	10719640	3744842	0.349344007821158	0	1
F1436	13601938	4737140	0.348269489244841	0	1
F1437	12422452	4319746	0.347736984614632	0	1
F1439	11096060	3824410	0.344663781558499	0	1
F1440	9526126	3293474	0.345730677927208	0	1
F1441	8859154	8806770	0.994087020047287	0	0
F1443	7334330	2519190	0.343479227141402	0	1
F1444	37122934	36814336	0.991687133349966	0	0
F1032	8103392	8055974	0.994148376383618	0	0
F1445	7863498	7799752	0.991893429616184	0	0
F1446	8358638	8222226	0.98368011630603	0	0
F1447	8106996	2796232	0.344915922001195	0	1
F1449	17579564	17485756	0.994663803948721	0	0
F1450	24187996	24049710	0.994282866592172	0	0
F1452	10658906	10553364	0.990098233345899	0	0
F1453	19792322	6795948	0.343362845450877	0	1
F1454	11465264	11273356	0.983261789697996	0	0
F1455	5016342	1743312	0.347526544242797	0	1
F1456	5926398	2037830	0.343856420037939	0	1
F1033	6950984	6913122	0.994553001416778	0	0
F1457	9407198	9262804	0.984650689822836	0	0
F1460	8944632	3123190	0.349169200029694	0	1
F1461	13620292	4733846	0.347558334285344	0	1
F1462	10838728	3724840	0.343660252383859	0	1
F1463	61110982	21088154	0.345079612695473	0	1
F1466	13606664	4698948	0.345341664937122	0	1
F1467	20111742	19978452	0.993372528346873	0	0
F1468	14562552	14458116	0.992828454792814	0	0
F1472	13906150	4790504	0.344488158117092	0	1
F1473	11988212	4146280	0.345863086171649	0	1
F1034	8834936	8711982	0.986083204224683	0	0
F1474	13711552	13600634	0.991910616682925	0	0
F1476	10071950	3478980	0.345412755226148	0	1
F1477	11861892	4119694	0.347304966189205	0	1
F1478	13636506	4710514	0.345434087001465	0	1
F1479	9565100	3294524	0.344431736207672	0	1
F1480	13630966	4715376	0.345931168781435	0	1
F1481	14410454	4958112	0.344063552751357	0	1
F1482	13847298	4802974	0.346852793953015	0	1
F1483	501546	497834	0.992598884249899	1	0
F1484	8568964	8509698	0.993083644650625	0	0
F1035	9005276	8901992	0.988530723544731	0	0
F1486	10362236	10282802	0.992334279975866	0	0
F1498	20553414	20449416	0.994940110679423	0	0
F1502	10316060	10207240	0.989451399080657	0	0
F1503	12942816	12856586	0.993337616790658	0	0
F1504	12600882	12515762	0.993244917300233	0	0
F1505	11209262	11118220	0.991877966631523	0	0
F1506	9826650	9760284	0.993246325044649	0	0
F1507	10859938	10744470	0.989367526775936	0	0
F1508	12463234	12379428	0.993275742074649	0	0
F1509	14051244	13942914	0.992290362333755	0	0
F1036	7741670	7649198	0.988055290396	0	0
F1511	10827448	10745084	0.992393036660162	0	0
F1513	7836466	7785214	0.993459807009946	0	0
F1514	10493086	10419326	0.9929706094089	0	0
F1515	9814004	9741362	0.992598128144231	0	0
F1516	6853998	6798842	0.991952725985622	0	0
F1517	10791670	10722820	0.993620079190709	0	0
F1518	14732610	14627864	0.992890193930336	0	0
F1519	10421426	10318986	0.99017025117292	0	0
F1520	13567742	13463376	0.992307784154504	0	0
F1521	9802238	9727498	0.992375210640672	0	0
F1037	8111334	8030204	0.989997946083838	0	0
F1523	14760444	14664934	0.993529327437576	0	0
F1524	18130420	18006496	0.993164857736335	0	0
F1525	11392888	11338210	0.995200690114745	0	0
F1526	15237788	15127544	0.99276509162616	0	0
F1527	12685328	12606662	0.993798662517832	0	0
F1528	14113958	14038860	0.99467916795558	0	0
F1529	11945268	11863496	0.993154444086144	0	0
F1530	9619322	9556668	0.993486651138199	0	0
F1531	12277748	12192724	0.993074951530199	0	0
F1532	10206032	10139990	0.993529120817963	0	0
F1038	9797422	9517382	0.971416970709233	0	0
F1533	12762046	12667088	0.992559343540997	0	0
F1534	16664698	16548042	0.992999813137928	0	0
F1535	16576792	16388410	0.988635798772163	0	0
F1536	25641902	25433824	0.991885235346426	0	0
F1537	13519746	13417362	0.992427076662535	0	0
F1538	14901102	14782064	0.99201146331325	0	0
F1539	11330344	11240020	0.992028132596857	0	0
F1540	9336666	9280114	0.993943019917388	0	0
F1541	16228786	16126552	0.993700453009855	0	0
F1542	10682198	10609596	0.993203458688933	0	0
F1040	12160994	12028414	0.98909793064613	0	0
F1543	13339632	13197676	0.989358327126266	0	0
F1545	13501640	13360760	0.989565712017207	0	0
F1546	13093698	12910594	0.986015868091658	0	0
F1547	13498498	13412036	0.993594694757891	0	0
F1548	12925688	12813222	0.991299031819428	0	0
F1549	183874	176114	0.957797187204281	1	0
F1550	18033072	17932562	0.994426351760809	0	0
F1551	14679138	14563492	0.992121744478456	0	0
F1552	13813914	13737004	0.99443242516205	0	0
F1553	12232392	12181204	0.995815372823239	0	0
F1041	20694314	20481086	0.989696300152786	0	0
F1003	9699858	9634240	0.993235158700261	0	0
F1554	9340362	9291520	0.994770866482477	0	0
F1555	40898	38974	0.952956134774317	1	0
F1556	12918986	12787052	0.989787588592479	0	0
F1557	10042680	9988208	0.994575949846057	0	0
F1558	9388446	9337520	0.994575673119918	0	0
F1559	7603158	7493940	0.98563517948726	0	0
F1560	13290262	13128360	0.987817997869417	0	0
F1561	10727650	10669180	0.994549598467512	0	0
F1562	5771934	5686898	0.985267329806612	0	0
F1563	15362036	15274266	0.994286564619429	0	0
F1042	14191364	14043034	0.989547868689719	0	0
F1568	15326796	15229588	0.993657643776299	0	0
F1569	1794118	1681850	0.937424405752576	0	0
F1570	8936304	8879140	0.99360317196013	0	0
F1571	2451976	2251234	0.918130520037717	0	0
F1572	9366428	9259096	0.988540775629728	0	0
F1573	7624372	7579068	0.994058002416461	0	0
F1574	7414518	7376686	0.994897577967981	0	0
F1575	11017308	10906838	0.989973049677834	0	0
F1576	4796746	4569390	0.952602034796089	0	0
F1577	6405296	6364464	0.993625275084867	0	0
F1043	5543202	5500770	0.992345218521714	0	0
F1578	11089446	11003738	0.992271209941416	0	0
F1579	6634466	6606958	0.995853773310467	0	0
F1580	11827608	11768228	0.994979542778219	0	0
F1581	10303962	10261990	0.995926615412596	0	0
F1582	13472286	13309688	0.987930927238332	0	0
F1583	10314948	10217566	0.99055913805867	0	0
F1584	7959640	7885304	0.99066088416059	0	0
F1585	9527980	9479840	0.994947512484283	0	0
F1586	11643266	11564844	0.993264604622105	0	0
F1588	9281842	9195512	0.990699044435361	0	0
F1044	5563006	5520584	0.992374266718389	0	0
F1589	10083916	10012946	0.992962059580822	0	0
F1590	13116052	13037628	0.994020761735315	0	0
F1591	10634036	10570268	0.994003405668365	0	0
F1592	14439828	14378270	0.995736929830466	0	0
F1594	10748638	10667610	0.99246155652465	0	0
F1595	18846448	18665554	0.990401692669091	0	0
F1596	15735958	15640728	0.993948255327067	0	0
F1597	12963460	12896224	0.994813421725373	0	0
F1598	11205148	11156878	0.995692158639939	0	0
F1599	10288520	10231642	0.994471702441167	0	0
F1045	9733376	9631204	0.989502922726914	0	0
F1600	9131086	9085148	0.994969054064325	0	0
F1601	12103878	12007776	0.992060230613693	0	0
F1602	10724444	10663242	0.994293223965737	0	0
F1603	12832410	12773330	0.995396032389863	0	0
F1604	8890654	8815698	0.99156912416117	0	0
F1605	3747040	3720142	0.992821533797344	0	0
F1606	12122490	12039588	0.993161305969318	0	0
F1607	6052898	6008098	0.992598586660472	0	0
F1608	10328222	10273994	0.994749531913625	0	0
F1609	10305564	10232464	0.992906744356738	0	0
F1046	8646958	8551126	0.988917258531844	0	0
F1610	11308114	11046884	0.97689888870947	0	0
F1611	13088596	12994388	0.992802283759083	0	0
F1612	14443320	14330262	0.99217229833584	0	0
F1613	10390304	10298492	0.991163684912395	0	0
F1615	9193974	9149144	0.995123980120022	0	0
F1616	10398264	10317360	0.992219470480842	0	0
F1617	9667150	9588438	0.991857786421024	0	0
F1618	1746064	1670428	0.956682000201596	0	0
F1619	2535948	2434460	0.959980251961002	0	0
F1620	1622470	1574044	0.970152914999969	0	0
F1047	6421004	6355144	0.989743037070215	0	0
F1621	20195862	19878952	0.984308171644271	0	0
F1622	1717340	1648044	0.959649224964189	0	0
F1623	304588	293608	0.963951304713252	1	0
F1625	8228692	8164706	0.992224037550561	0	0
F1626	11315208	11230788	0.992539244528249	0	0
F1627	10847552	10724648	0.988669886071991	0	0
F1628	10167334	10095978	0.992981837716751	0	0
F1630	9223284	9154164	0.992505923053004	0	0
F1633	7716148	7668848	0.993869998346325	0	0
F1640	24709626	24596882	0.995437243768886	0	0
F1048	7659374	7616604	0.99441599274301	0	0
F1646	25924160	25733450	0.992643541777246	0	0
PBS10a	855710	849658	0.992927510488366	1	0
PBS11a	15106	14812	0.980537534754402	1	0
PBS12a	224248	222582	0.992570725268453	1	0
PBS13a	518924	146876	0.283039520238031	1	1
PBS13b	2754914	821952	0.298358496853259	0	1
PBS14a	735482	210520	0.286234061472613	1	1
PBS14b	691428	198096	0.286502716117947	1	1
PBS15a	546952	149466	0.273270780616946	1	1
PBS15b	4202390	4178104	0.994220907626374	0	0
F1049	8767838	8705940	0.992940334892137	0	0
PBS16a	3961570	3938338	0.994135658337477	0	0
PBS16b	12180456	12113264	0.994483621959638	0	0
PBS18a	9628644	9564454	0.993333433035846	0	0
PBS1a	9531844	9450474	0.99146335168725	0	0
PBS1b	9062040	8853772	0.977017536890148	0	0
PBS1c	6937944	6813470	0.982058950029	0	0
PBS2a	12556018	12343470	0.983072021718988	0	0
PBS4a	4332020	4290580	0.990434023850305	0	0
PBS4b	2016202	1990050	0.987029077443629	0	0
PBS5a	3572310	3514812	0.983904532361413	0	0
F1050	7412100	7291518	0.983731735945279	0	0
PBS5b	1790390	1750874	0.977928831148521	0	0
PBS6a	1636148	1616582	0.988041424125446	0	0
PBS6b	2318652	2287380	0.986512853157783	0	0
PBS7a	658570	655192	0.994870704708687	1	0
PBS7b	555200	552244	0.994675792507205	1	0
PBS8a	348262	345602	0.992362072232974	1	0
PBS8b	373948	370634	0.991137805256346	1	0
PBS9b	245358	85096	0.346823824778487	1	1
F1051	6078176	6044430	0.994448005454268	0	0
F1004	10613912	10499140	0.989186644848761	0	0
F1052	8359618	8310518	0.994126525877139	0	0
F1054	16299146	16206064	0.994289148646193	0	0
F1055	6767778	6737224	0.995485372008361	0	0
F1056	12442578	12383422	0.995245679794011	0	0
F1057	6972830	6918080	0.992148094819464	0	0
F1058	14537266	14428646	0.992528168639138	0	0
F1059	12529222	3646100	0.291007693853617	0	1
F1060	9423254	9292570	0.986131754487356	0	0
F1061	12251714	12159078	0.992438935482823	0	0
F1062	8740018	2673334	0.30587282543354	0	1
F1005	11435858	11350982	0.99257808202935	0	0
F1063	8027600	7937616	0.988790672180976	0	0
F1064	9250344	9211774	0.995830425333371	0	0
F1065	6254856	6185034	0.988837153085539	0	0
F1066	3271066	3234036	0.988679531382124	0	0
F1067	7068504	6988392	0.988666342977241	0	0
F1068	9351642	9296110	0.994061791501428	0	0
F1069	9707472	9625510	0.991556813143525	0	0
F1070	9370480	9303792	0.992883182078186	0	0
F1071	8448304	2456468	0.290764631575758	0	1
F1073	8203214	8155818	0.99422226459044	0	0
F1006	14637284	14489092	0.989875717380356	0	0
F1074	3912328	1092532	0.279253682206604	0	1
F1075	9353206	9291614	0.993414878278101	0	0
F1076	8828960	8776532	0.994061814755079	0	0
F1078	4831344	4775444	0.988429720591206	0	0
F1079	11065534	10965988	0.991003958778673	0	0
F1080	6515322	6434004	0.98751895915505	0	0
F1081	6847278	1979354	0.289071657379765	0	1
F1082	9291054	9209050	0.991173875428988	0	0
F1083	9616910	9522616	0.990194979468457	0	0
F1084	8823806	8768366	0.993716996951202	0	0
F1007	11512080	11425918	0.992515514138192	0	0
F1085	12595200	12386552	0.983434324186992	0	0
F1086	10814536	10646710	0.984481442384583	0	0
F1087	10346782	10178754	0.983760361434115	0	0
F1088	3946952	3921828	0.993634581824152	0	0
F1089	7829812	7779138	0.993528069384041	0	0
F1090	6927206	6824264	0.985139463154409	0	0
F1091	5783792	5757362	0.995430333594292	0	0
F1092	8595668	8525634	0.991852407515041	0	0
F1093	7741390	7691702	0.993581514430871	0	0
F1096	9456048	9398808	0.993946731234867	0	0
F1008	7656916	7570608	0.988728098884721	0	0
F1097	7691668	7572704	0.984533393797028	0	0
F1098	11061544	10983232	0.992920337341695	0	0
F1102	12654958	12513898	0.988853380627577	0	0
F1103	18540522	18433262	0.99421483386498	0	0
F1104	19264230	19167500	0.994978776727645	0	0
F1105	16519276	16448460	0.995713129316321	0	0
F1106	13723066	13627358	0.993025756780591	0	0
F1107	20900718	20744090	0.992506094766696	0	0
F1108	21011748	20878072	0.993638035255325	0	0
F1109	21577306	21460536	0.994588295684364	0	0
F1009	14562482	14390748	0.988207092719497	0	0
F1359	9729782	9698054	0.996739084185031	0	0
F1364	13499658	13463552	0.997325413725296	0	0
F1366	9226040	9197692	0.996927392467407	0	0
F1368	12317934	12282840	0.997150983273656	0	0
F1369	10772002	10738080	0.996850910350741	0	0
F1451	10159118	10129944	0.99712829401135	0	0
F1471	8641092	8617912	0.997317468671784	0	0
F1488	8308614	8286664	0.997358163467457	0	0
F1489	8530406	8509458	0.997544313834535	0	0
F1490	8831190	8797638	0.996200738518818	0	0
F1018	10764874	10736848	0.997396532462897	0	0
F1632	11874874	11843384	0.997348182389135	0	0
F1156	21135552	21034148	0.995202207162605	0	0
F1183	10087700	10035638	0.994839061431248	0	0
F1191	11165120	11104654	0.994584384225158	0	0
F1196	10232536	10122444	0.989240985812315	0	0
F1201	13640596	13569704	0.994802866385017	0	0
F1252	10434472	10387142	0.995464073313916	0	0
F1254	15790408	15697136	0.994093122862943	0	0
F1256	11600850	11540478	0.994795898576397	0	0
F1257	17081544	17007034	0.995637982140256	0	0
F1127	16693594	16635968	0.996548017161553	0	0
F1277	12890896	12828724	0.995177061392785	0	0
F1296	15211748	15124562	0.994268508786761	0	0
F1298	11998858	11945752	0.995574078799832	0	0
F1299	18405438	18250034	0.991556625818956	0	0
F1357	24275912	24133394	0.994129242188718	0	0
F1361	8549720	8506820	0.994982291817744	0	0
F1362	9075750	9029276	0.994879321268215	0	0
F1367	8129728	8094950	0.995722120100451	0	0
F1370	13702916	13642136	0.995564447742364	0	0
F1497	11199500	11146126	0.995234251529086	0	0
F1129	12622974	12581296	0.996698242426864	0	0
F1567	8061108	8027496	0.995830349872499	0	0
PBS19a	12010944	11952606	0.995142929648161	0	0
PBS19b	14070946	14002192	0.995113761363308	0	0
PBS20a	11168416	11111940	0.994943239936621	0	0
PBS20b	11231128	11167876	0.994368152513265	0	0
F1172	20080052	20003204	0.996172918277303	0	0
F1194	16015434	15946286	0.995682414850575	0	0
F1197	24374146	24287810	0.996457886155273	0	0
F1200	14501876	14379822	0.991583571670314	0	0
F1276	21709648	21572186	0.993668160810346	0	0
F1130	11292734	11259310	0.997040220729542	0	0
F1278	18994912	18862268	0.99301686683255	0	0
F1282	19672296	19573360	0.994970795478067	0	0
F1292	18128234	18039508	0.995105645701617	0	0
F1356	12900286	12844286	0.995659010970764	0	0
F1358	15694790	15593378	0.993538492710001	0	0
F1360	16061168	15994552	0.995852356441325	0	0
F1363	11624780	11575170	0.995732392354952	0	0
F1365	16727644	16653584	0.995572598269069	0	0
F1469	11564822	11523212	0.996402019849506	0	0
F1470	11699746	11651348	0.995863328998766	0	0
F1143	12928348	12884280	0.996591366507152	0	0
F1565	13899760	13830722	0.995033151651539	0	0
F1566	9416038	9383498	0.996544194065487	0	0
F1631	8303440	8273372	0.996378850211479	0	0
F1641	12545672	12482648	0.994976434901215	0	0
F1643	11951296	11906296	0.996234717975356	0	0
F1186	14977122	14934320	0.997142174578	0	0
F1187	14218742	14175740	0.996975681814889	0	0
F1205	14809176	14763366	0.996906647608213	0	0
F1207	13217686	13171380	0.996496663636888	0	0
F1241	4927016	4849644	0.984296377361064	0	0
F1258	15384566	15121336	0.982889995076884	0	0
F1261	11813194	11613052	0.983057757283932	0	0
F1266	15451986	15164810	0.98141494562576	0	0
F1267	21590852	21205174	0.982136971713761	0	0
F1268	18296116	17942298	0.980661578665111	0	0
F1307	9622926	9425406	0.979474018609309	0	0
F1310	12337700	12131686	0.983302074130511	0	0
F1312	7453802	7321260	0.982218202200702	0	0
F1318	10179226	10012104	0.983582052309282	0	0
F1059	14338744	14002364	0.976540483601632	0	0
F1319	8166166	8026476	0.982894053341556	0	0
F1333	15100794	14822192	0.981550506549523	0	0
PBS13a	656664	643474	0.979913624014717	1	0
PBS13b	3341424	3294378	0.985920374068062	0	0
PBS14a	902590	881976	0.977161280315536	1	0
PBS14b	872462	837196	0.959578755292494	1	0
PBS15a	679578	661972	0.974092745792242	1	0
F1062	9675138	9364948	0.967939475385261	0	0
F1071	9728106	9559168	0.982634029686765	0	0
F1074	4870920	4799130	0.985261511172427	0	0
F1081	8089286	7892884	0.975720724919356	0	0
F1216	19135526	18670626	0.975704874796752	0	0
F1234	14441150	14228666	0.985286213355585	0	0
F1235	13308714	13090744	0.983622008858256	0	0
F1239	12316076	12043628	0.977878668497986	0	0
F1455	5119522	5076580	0.991612107536602	0	0
F1456	6158290	6116980	0.993291969036859	0	0
F1460	9134950	9071044	0.993004231002906	0	0
F1461	13878382	13783992	0.993198774900417	0	0
F1462	11042566	10963908	0.992876836778698	0	0
F1463	62219384	61754482	0.99252801988525	0	0
F1466	13810642	13729730	0.994141329563101	0	0
F1472	14091840	13989758	0.99275594954243	0	0
F1473	12227292	12133170	0.992302302096	0	0
F1476	10274700	10198242	0.992558614850069	0	0
F1434	14213056	14106756	0.992520961009371	0	0
F1477	12024612	11944674	0.993352134771583	0	0
F1478	14003992	13917650	0.993834472341886	0	0
F1479	9744226	9658458	0.991198069502904	0	0
F1480	13883722	13783702	0.992795879952076	0	0
F1481	14660378	14497262	0.988873683884549	0	0
F1482	14059374	13964026	0.993218190226677	0	0
PBS9b	248906	247130	0.992864776260918	1	0
F1435	10910676	10832772	0.992859837465616	0	0
F1436	13842620	13751074	0.993386656572238	0	0
F1437	12631348	12545254	0.993184100382635	0	0
F1439	11312498	11217578	0.991609280284514	0	0
F1440	9682672	9608654	0.992355622497592	0	0
F1443	7484458	7436690	0.993617707521373	0	0
F1447	8273252	8214856	0.99294159056197	0	0
F1453	20154000	19995368	0.992129006648804	0	0
F1122	11220344	11157518	0.994400706431104	0	0
F1123	10320360	10256232	0.993786263269886	0	0
F1152	18906404	18784968	0.993576991161302	0	0
F1177	12071612	12011192	0.994994868953707	0	0
F1185	19218430	19097720	0.993719049891172	0	0
F1223	29458870	29255638	0.993101161042498	0	0
F1492	14861546	14729744	0.991131339902322	0	0
F1564	21846764	21736824	0.994967675761957	0	0
F1614	15460560	15367674	0.993992067557708	0	0
F1039	23547504	23412346	0.994260198448209	0	0
F1094	23605474	23472786	0.994378930920853	0	0
F1095	28509776	28364042	0.994888279725523	0	0
F1099	27250852	27081694	0.993792561054605	0	0
F1100	22783890	22642838	0.993809134436657	0	0
F1101	25633120	25487290	0.994310875929266	0	0
F1110	9179986	9122296	0.993715676690574	0	0
F1117	13914778	13828150	0.993774388639186	0	0
F1120	12534568	12466052	0.994533836347611	0	0
